iso 124240 PL Wroc³aw 4
  M   MDBT MINDBT MAXDBT  MSKYT      ITH      IDH      ISH    I_N_0  I_N__30  I_NE_30  I_E__30  I_SE_30  I_S__30  I_SW_30  I_W__30  I_NW_30  I_N__45  I_NE_45  I_E__45  I_SE_45  I_S__45  I_SW_45  I_W__45  I_NW_45  I_N__60  I_NE_60  I_E__60  I_SE_60  I_S__60  I_SW_60  I_W__60  I_NW_60  I_N__90  I_NE_90  I_E__90  I_SE_90  I_S__90  I_SW_90  I_W__90  I_NW_90
  1   -0.4  -12.8    9.8   -9.8    24812     4987    19825    24812    19825    19960    24354    29968    32171    29671    23946    19905    19825    19840    23719    31588    34703    31168    23150    19827    19825    19825    23106    32406    36221    31892    22572    19825    19825    19825    21618    31473    35878    30879    21198    19825
  2   -0.7  -11.2    6.5  -10.6    36895    12074    24820    36895    24859    27664    35816    44819    48329    44194    35008    27249    24820    25942    34686    46852    51817    45969    33810    25570    24820    25297    33320    47384    53465    46302    32459    25064    24820    24924    30386    43916    50925    42758    29502    24833
  3    2.8  -10.1   17.7   -6.9    71510    21460    50049    71510    53032    59959    71261    81299    84280    78097    66983    57374    50050    55779    69836    83169    87350    78661    64534    53691    50049    53512    67795    82937    87878    77493    62230    52106    50049    51352    61921    76154    81340    70276    57392    50825
  4    7.3   -4.2   22.8   -2.4   102623    32666    69956   102623    85138    91074   101509   109246   111354   106150    97454    88221    74644    85706    99739   109163   111592   105125    94655    82540    70697    81756    97052   107077   108993   102304    91660    79202    69956    76326    88839    96561    96173    91933    84694    75092
  5   12.7    0.2   24.0    4.4   139016    43853    95163   139016   123209   128065   136667   142272   143073   139055   132197   124456   112126   120744   133534   140106   140223   136097   127954   116409   100940   114839   129315   135731   134325   131190   123248   110573    96306   106640   118199   121101   116170   116942   112906   103312
  6   17.3    8.1   31.3   10.6   144339    49808    94531   144339   130477   132841   139463   143876   144856   143117   138395   132327   119583   124259   135084   140190   139952   139146   133988   123520   106982   117154   129945   134432   132465   133201   128737   116610    97702   107174   117391   118026   112082   116831   116670   107348
  7   16.0    5.4   28.2    7.9   153278    62151    91127   153278   134585   141501   152177   157094   155319   149914   142227   133972   120413   132245   148472   154134   149736   144913   136240   122631   104506   124139   142991   147867   140906   137750   129887   114712    94947   111273   126950   127121   115681   118342   116213   104868
  8   17.8    6.0   30.9    9.6   138258    53396    84862   138258   114362   123079   136960   146661   147847   139511   127467   116079    98941   113400   132987   145309   146296   135980   121029   105059    87445   105562   127282   140518   140575   129872   114592    97994    84974    95257   112266   121683   118459   111797   102172    90869
  9   13.4    3.2   25.7    5.4    82402    21919    60482    82402    66947    71404    80093    88314    91983    88368    80029    71301    61065    67261    78272    88700    93684    88714    78064    67196    60506    64805    76014    87380    93123    87374    75834    64895    60482    62288    70540    80185    85518    80027    70592    62519
 10    8.9   -0.7   21.4    0.6    49474    10400    39073    49474    39604    41820    47185    53629    57072    55247    49319    43030    39073    40113    45968    54275    59143    56563    48540    41060    39073    39513    44733    53884    59847    56708    47546    40107    39073    39163    42413    50478    57056    53497    44701    39380
 11    3.8   -4.4   13.0   -4.8    27052     6524    20527    27052    20527    21213    25974    32282    35059    32634    26480    21228    20527    20673    25143    33774    37701    34271    25873    20674    20527    20576    24517    34363    39173    34972    25130    20548    20527    20527    22971    32736    38290    33439    23468    20527
 12   -1.1  -18.8   10.9  -10.5    23203     4856    18346    23203    18346    18346    22368    28491    31134    28750    22735    18353    18346    18346    21606    30179    33917    30546    22040    18346    18346    18346    20995    31061    35639    31510    21338    18346    18346    18346    19572    30224    35511    30743    19939    18346

Œrednia roczna temperatura termometru suchego:    8.1
Minimalna œrednia miesiêczna temperatura termometru suchego:   -1.1
Maksymalna œrednia miesiêczna temperatura termometru suchego:   17.8
Roczna amplituda œredniej miesiêcznej temperatury termometru suchego:    9.4
